0.0         0.04843323912681918
0.004411764705882353         0.05152313062878145
0.008823529411764706         0.05251503078132921
0.013235294117647059         0.046437227685901396
0.01764705882352941         0.046483260056902
0.022058823529411763         0.041410491340769955
0.026470588235294117         0.03528680984517024
0.030882352941176472         0.0323605077907683
0.03529411764705882         0.026110317529146936
0.039705882352941174         0.022373335019645404
0.044117647058823525         0.01990896993028594
0.04852941176470588         0.018899241672218195
0.052941176470588235         0.017501010899197523
0.057352941176470586         0.017262329659775005
0.061764705882352944         0.01620998161055267
0.0661764705882353         0.016626112604666243
